0 76 mx_city_metro ID
9002 9005         7235.44633
9002 9015         6887.37075
9002 9016         6744.07895
9002 15104         6459.49627
9003 9010         10162.2538
9003 9007         10115.0815
9003 9014         6063.62852
9003 9006         9726.14683
9004 9016         15977.8257
9004 9008         7562.12219
9004 15037         7142.85593
9004 9010         6843.92279
9005 9015         8742.72125
9005 9017          8460.8854
9005 9002         7235.44633
9005 15104         7106.83698
9006 9014          7224.0779
9006 9015         6878.31773
9006 9017         3708.95148
9006 9007         6575.40354
9007 9011         9771.48452
9007 9017         9749.39698
9007 9006         6575.40354
9007 15058           8855.027
9008 9003         13916.0648
9008 9012         10167.3312
9008 9004         7562.12219
9008 9010         7755.44651
9009 9012         17524.3936
9009 15050         16240.7782
9009 9013         12374.4299
9009 9011         16007.3887
9010 9014         10233.2365
9010 9008         7755.44651
9010 9003         10162.2538
9010 9004         6843.92279
9011 15070         10962.1922
9011 9013         9829.29028
9011 15122         5713.65582
9011 9007         9771.48452
9012 9010         15802.3901
9012 9013         13204.6038
9012 9003         15331.5361
9012 9008         10167.3312
9013 9009         12374.4299
9013 9007         12010.3554
9013 9003         10980.2635
9013 9011         9829.29028
9014 9006          7224.0779
9014 9016         6936.16661
9014 9003         6063.62852
9014 9015          5740.4888
9015 9006         6878.31773
9015 9017         5859.46918
9015 9014          5740.4888
9015 9016         5826.10907
9016 15057         10377.2487
9016 9014         6936.16661
9016 9015         5826.10907
9016 9002         6744.07895
9017 9005          8460.8854
9017 15058         7425.29152
9017 9006         3708.95148
9017 9015         5859.46918
13069 15081         16401.0693
13069 15120         12504.0159
13069 15036         13039.3066
13069 15084         9139.79316
15002 15030         8888.65162
15002 15092         7750.36243
15002 15100         4242.65136
15002 15028          7688.0315
15009 15068         15009.5026
15009 15017         10473.0001
15009 15015         10355.2928
15009 15103         9416.43285
15010 15035         21069.2363
15010 15120         20916.4647
15010 15096         8811.65135
15010 15036         12996.2684
15011 15033         9002.72109
15011 15028          8735.5146
15011 15100         6528.02616
15011 15030         6950.18605
15013 9002         13019.0738
15013 15121         11139.8202
15013 15104         11139.1868
15013 15057         10505.5643
15015 15094         13253.2064
15015 15009         10355.2928
15015 15034          7263.5899
15015 15068         9780.92201
15016 15092         17757.7208
15016 15065         11944.7464
15016 15075          12533.612
15016 15061         5452.58479
15017 15009         10473.0001
15017 15083         10049.1553
15017 15050         9810.92485
15017 15089         6401.89514
15020 15033         8554.80818
15020 15125         7664.91881
15020 15109         4485.83007
15020 15108          6122.1431
15022 15122         10901.0169
15022 15089         8297.76814
15022 15025         4170.22842
15022 15083         4856.73603
15023 15095         11315.7252
15023 15024         11152.9442
15023 15035         4973.32619
15023 15091          6420.7741
15024 15044         8101.54027
15024 15108         5241.61575
15024 15091         6027.58536
15024 15053         2711.92262
15025 15103         11564.5188
15025 15039         11289.0477
15025 15022         4170.22842
15025 15083         8988.64973
15028 15002          7688.0315
15028 15100         5627.83598
15028 15030         2283.89107
15028 15069         3083.64027
15029 15039         12474.2964
15029 15070          8808.7656
15029 15099         8910.36204
15029 15031         7375.58131
15030 15011         6950.18605
15030 15100         5770.45254
15030 15028         2283.89107
15030 15069         4082.19832
15031 9007         13646.7604
15031 15058          7933.4815
15031 15070         6106.05963
15031 15029         7375.58131
15033 15100         11993.8433
15033 9005         10736.5113
15033 15011         9002.72109
15033 15020         8554.80818
15034 15009         17449.5124
15034 15094          11926.553
15034 15015          7263.5899
15034 15068         9698.10702
15035 15096         14249.6311
15035 15095         12002.3736
15035 15023         4973.32619
15035 15091         11257.5296
15036 15120          16455.961
15036 15096         13733.5079
15036 15010         12996.2684
15036 13069         13039.3066
15037 15046         14582.4759
15037 9010         10993.1711
15037 9004         7142.85593
15037 15057         10890.1025
15038 15057         17971.7394
15038 15013         17439.7911
15038 15046          7457.4102
15038 15060         9315.57082
15039 15022         15370.3761
15039 15099         15109.5602
15039 15029         12474.2964
15039 15025         11289.0477
15044 15108         7298.66084
15044 15125         7042.50801
15044 15053         5658.39354
15044 15059         1789.03898
15046 15013         13797.3414
15046 15060         13125.7434
15046 15038          7457.4102
15046 15057         10934.0667
15050 15094         11348.7681
15050 15083         10740.1062
15050 15017         9810.92485
15050 15089         7331.71812
15069 15093         9699.67485
15069 15100         8711.47223
15069 15028         3083.64027
15069 15030         4082.19832
15070 15058         10488.9801
15070 15122         9313.54759
15070 15031         6106.05963
15070 15029          8808.7656
15075 15016          12533.612
15075 15084         12092.1222
15075 15092         5457.78221
15075 15065         12065.9816
15053 15059         6561.20778
15053 15044         5658.39354
15053 15108         3649.83043
15053 15024         2711.92262
15091 15044          8676.4637
15091 15053         6835.32768
15091 15023          6420.7741
15091 15024         6027.58536
15092 15081         12297.8527
15092 15100         11732.6729
15092 15075         5457.78221
15092 15002         7750.36243
15093 15099         12585.4251
15093 15028         12369.4395
15093 15069         9699.67485
15093 15065         9974.14475
15094 15017          12895.217
15094 15034          11926.553
15094 15050         11348.7681
15094 15068         3565.93974
15095 15060         14224.4227
15095 15035         12002.3736
15095 15023         11315.7252
15095 15121         11508.1482
15096 15035         14249.6311
15096 15036         13733.5079
15096 15010         8811.65135
15096 15120         13304.5308
15057 15046         10934.0667
15057 15037         10890.1025
15057 9016         10377.2487
15057 15013         10505.5643
15058 9007           8855.027
15058 9006         8019.50708
15058 15031          7933.4815
15058 9017         7425.29152
15059 15108         7311.21166
15059 15125         5571.12396
15059 15053         6561.20778
15059 15044         1789.03898
15060 15013         13987.4159
15060 15112         13943.6319
15060 15038         9315.57082
15060 15046         13125.7434
15061 15065         17388.0883
15061 15084         17139.0304
15061 15075         15773.4625
15061 15016         5452.58479
15065 15092         14224.5184
15065 15075         12065.9816
15065 15093         9974.14475
15065 15016         11944.7464
15068 15017         11344.3897
15068 15015         9780.92201
15068 15034         9698.10702
15068 15094         3565.93974
15103 15022         13443.9599
15103 15017         12870.7124
15103 15009         9416.43285
15103 15025         11564.5188
15104 15013         11139.1868
15104 15109         9569.52993
15104 9002         6459.49627
15104 9005         7106.83698
15108 15125         6412.31034
15108 15020          6122.1431
15108 15053         3649.83043
15108 15024         5241.61575
15109 15024         9168.77231
15109 15121         8922.30696
15109 15020         4485.83007
15109 15108          6443.8061
15112 15046         25446.6949
15112 15038         18829.8529
15112 15060         13943.6319
15112 15095         18001.8989
15120 13069         12504.0159
15120 15091         11317.2928
15120 15059         8739.25569
15120 15044         7970.06537
15121 15053         11349.6749
15121 15024         9074.15454
15121 15013         11139.8202
15121 15109         8922.30696
15081 15044         11298.5773
15081 15002         10571.1757
15081 15125         7961.10896
15081 15059         9572.71451
15122 15083         11791.9561
15122 15022         10901.0169
15122 9011         5713.65582
15122 15070         9313.54759
15083 15017         10049.1553
15083 15022         4856.73603
15083 15025         8988.64973
15083 15089         4358.80204
15084 15081         16660.0116
15084 15092         14692.4015
15084 13069         9139.79316
15084 15075         12092.1222
15089 15022         8297.76814
15089 15017         6401.89514
15089 15050         7331.71812
15089 15083         4358.80204
15099 15093         12585.4251
15099 15030         11802.6887
15099 15029         8910.36204
15099 15069         10232.2646
15100 15011         6528.02616
15100 15030         5770.45254
15100 15002         4242.65136
15100 15028         5627.83598
15125 15020         7664.91881
15125 15108         6412.31034
15125 15044         7042.50801
15125 15059         5571.12396
